10,125
9,5
8,15
3,2
3,1
3,3
10,96
10,154
10,276
10,260
10,104
10,176
10,92
10,68
10,2
10,3
11,8
9,7
9,6
9,1
9,4
9,2
9,3
47,4
47,3
47,2
47,1
47,0
46,3
8,8
8,11
8,5
46,2
46,1
46,0
45,3
45,2
45,1
45,0
44,5
44,4
44,3
44,2
44,1
44,0
43,4
43,3
43,2
43,1
43,0
41,5
41,4
41,3
41,2
41,1
41,0
38,5
38,4
38,3
38,2
38,1
38,0
36,5
36,4
36,3
36,2
36,1
36,0
34,5
34,4
34,3
34,2
34,1
34,0
32,4
32,3
32,2
32,1
32,0
27,5
27,4
27,3
27,2
27,1
27,0
24,3
24,2
24,1
24,0
20,3
20,2
20,1
19,3
19,2
19,1
12,3
12,2
12,1
11,29
11,28
11,27
11,26
11,25
11,24
11,23
11,22
11,21
18,1
11,19
18,3
